462.065460 -370.127352 0.000000
461.129883 -369.418703 0.000000
460.125244 -368.634920 0.000000
458.893829 -367.718508 0.000000
457.045685 -366.282473 0.000000
455.971344 -365.464449 0.000000
454.919891 -364.664400 0.000000
453.536957 -363.568880 0.000000
452.201965 -362.520906 0.000000
450.832459 -361.456026 0.000000
449.577423 -360.480715 0.000000
448.066406 -359.304659 0.000000
446.853790 -358.360750 0.000000
445.577881 -357.328310 0.000000
444.328064 -356.324861 0.000000
443.040131 -355.298342 0.000000
441.636383 -354.181398 0.000000
439.818665 -352.733522 0.000000
438.290436 -351.516542 0.000000
436.679932 -350.234407 0.000000
434.982208 -348.930757 0.000000
433.400482 -347.719911 0.000000
432.340576 -346.902132 0.000000
430.490173 -345.468721 0.000000
429.080689 -344.377626 0.000000
427.303070 -343.002443 0.000000
425.913635 -341.909182 0.000000
424.188507 -340.557558 0.000000
422.795227 -339.469179 0.000000
421.188995 -338.214693 0.000000
419.691925 -337.044741 0.000000
418.273956 -335.936495 0.000000
416.622528 -334.644258 0.000000
414.871124 -333.271395 0.000000
413.097443 -331.880434 0.000000
411.417633 -330.563417 0.000000
409.712402 -329.228151 0.000000
407.972229 -327.866243 0.000000
406.232361 -326.504244 0.000000
404.519470 -325.163210 0.000000
402.846985 -323.896608 0.000000
401.192627 -322.629000 0.000000
399.377136 -321.230989 0.000000
397.409515 -319.715212 0.000000
395.328461 -318.113924 0.000000
393.428436 -316.652101 0.000000
391.096649 -314.856966 0.000000
388.719055 -313.025453 0.000000
386.363861 -311.210848 0.000000
383.632752 -309.107485 0.000000
381.233276 -307.259523 0.000000
378.551483 -305.193331 0.000000
375.085053 -302.521120 0.000000
372.624817 -300.624330 0.000000
369.893341 -298.518862 0.000000
367.034149 -296.305239 0.000000
364.217926 -294.117159 0.000000
360.888458 -291.532228 0.000000
358.260376 -289.494112 0.000000
354.989380 -286.955049 0.000000
352.084106 -284.699709 0.000000
349.214783 -282.472780 0.000000
346.238342 -280.163393 0.000000
343.473480 -278.018312 0.000000
340.442413 -275.664980 0.000000
337.661255 -273.505159 0.000000
334.744324 -271.240358 0.000000
331.888153 -269.021852 0.000000
328.846252 -266.660128 0.000000
326.569580 -264.892519 0.000000
323.941071 -262.849611 0.000000
321.222382 -260.734468 0.000000
317.908234 -258.160829 0.000000
315.639374 -256.401216 0.000000
312.738892 -254.148607 0.000000
310.213684 -252.187044 0.000000
307.514465 -250.092363 0.000000
304.550354 -247.794496 0.000000
302.031220 -245.844271 0.000000
299.308319 -243.735063 0.000000
296.544373 -241.590563 0.000000
293.812378 -239.468416 0.000000
291.252411 -237.479463 0.000000
288.861847 -235.623186 0.000000
285.661194 -233.138109 0.000000
284.264954 -232.053926 0.000000
281.067322 -229.570955 0.000000
278.716675 -227.745821 0.000000
276.160217 -225.760805 0.000000
273.648926 -223.810686 0.000000
271.358582 -222.033846 0.000000
268.299866 -219.662828 0.000000
266.127289 -217.978609 0.000000
263.750732 -216.134890 0.000000
261.344940 -214.267214 0.000000
258.534821 -212.087007 0.000000
256.406586 -210.434587 0.000000
254.029678 -208.592867 0.000000
251.644424 -206.746874 0.000000
249.282349 -204.913835 0.000000
246.901566 -203.066744 0.000000
245.152893 -201.710649 0.000000
242.532791 -199.678850 0.000000
240.342102 -197.980074 0.000000
238.155838 -196.284777 0.000000
235.701401 -194.381639 0.000000
233.363113 -192.566515 0.000000
230.832932 -190.596758 0.000000
228.589981 -188.867052 0.000000
226.567200 -187.320681 0.000000
223.911148 -185.285387 0.000000
221.761002 -183.634203 0.000000
219.630783 -181.999468 0.000000
217.107956 -180.063250 0.000000
215.123398 -178.538668 0.000000
212.961533 -176.878252 0.000000
210.649292 -175.103319 0.000000
208.446274 -173.411943 0.000000
207.005035 -172.305010 0.000000
205.563538 -171.197237 0.000000
204.426376 -170.322328 0.000000
203.529114 -169.630785 0.000000
202.637009 -168.940294 0.000000
